       1      12   176.0
       1      17   136.0
       1      20   121.9
       1      23   111.0
       1      23    99.9
       1      25    98.9
       1      25   105.2
       1      28    84.3
       1      30    79.0
       1      31    80.0
       1      33    80.0
       1      34    75.0
       1      35    69.1
       1      38    55.0
       1      38    70.4
       1      39    64.5
       1      40    60.0
       1      40    68.0
       1      40    65.8
       1      45    51.9
       1      45    55.0
       1      48    45.0
       1      50    50.0
       1      55    57.0
       1      55    45.5
       1      60    40.6
       1      65    36.3
       1      70    33.0
       1      75    30.7
       1      75    27.0
       1      80    29.5
       1      80    27.5
       1      85    28.5
       1      85    26.5
       1      87    26.0
       1      90    27.3
       1      90    25.0
       1     100    23.3
       1     100    20.0
       1     110    15.0
       1     125    10.0
       1     130    15.7
       1     160    10.0
       2      13   320.4
       2      16   257.0
       2      16   323.8
       2      18   181.7
       2      19   238.0
       2      22   200.9
       2      23   171.7
       2      24   130.3
       2      25   185.2
       2      26   153.6
       2      28   116.7
       2      28   127.2
       2      29   116.6
       2      30    98.2
       2      32   105.9
       2      34    90.5
       2      35   104.4
       2      35   116.2
       2      36    86.7
       2      40    79.9
       2      50    67.0
       2      60    45.0
       2      70    32.0
       2      90    24.0
